1 4 5 8 11 12 9
7 8 9 10 12 15 17 17
17 20 23 25 27 31
55 57 58 61 63 64 70
39 42 45 43 44
84 85 86 87 90 89 86
33 34 35 36 35 37 38 38
8 9 11 8 10 11 13 17
34 35 37 39 38 40 45
47 50 50 51 53 54
54 55 58 58 59 56
95 98 99 99 99
53 54 54 57 61
65 68 71 71 73 78
19 20 23 27 28 30 33 36
78 79 81 85 83
24 25 27 29 30 32 36 36
78 79 80 83 86 90 93 97
30 31 35 38 40 42 49
61 63 66 71 74 75
77 80 82 83 89 87
58 61 68 70 71 74 75 75
20 23 24 25 28 35 36 40
25 28 35 36 38 40 46
47 46 49 52 55
78 76 78 79 81 78
14 13 15 17 19 21 21
77 74 77 79 80 84
91 89 91 93 94 99
65 64 63 65 66 67 70
49 48 51 53 56 54 52
29 28 30 33 31 34 34
70 69 71 70 74
41 38 39 41 43 41 46
88 85 88 90 90 92
37 34 36 37 37 39 42 40
57 55 58 61 61 61
46 44 46 46 50